   1.0000000e+00   8.9954335e+00   9.5086419e+00   7.2203213e+00
   2.0000000e+00   9.2688740e+00   1.0248251e+01   1.0294846e+01
   3.0000000e+00   1.1942101e+01   1.0408825e+01   7.7651058e+00
   4.0000000e+00   1.0375360e+01   8.5373685e+00   9.2079546e+00
   5.0000000e+00   9.4472120e+00   1.0590269e+01   1.0236104e+01
   6.0000000e+00   1.1401175e+01   1.0891993e+01   1.2136398e+01
   7.0000000e+00   8.4462793e+00   9.7570988e+00   1.1039322e+01
   8.0000000e+00   9.5360230e+00   9.6063984e+00   1.0596374e+01
   9.0000000e+00   9.0622769e+00   7.9055765e+00   6.8175759e+00
   1.0000000e+01   1.1118937e+01   1.0537523e+01   1.0248332e+01
   1.1000000e+01   1.1956807e+01   1.2851226e+01   1.2622584e+01
   1.2000000e+01   1.0741885e+01   1.1297554e+01   5.2694119e+00
   1.3000000e+01   1.1497098e+01   9.8008178e+00   1.1033424e+01
   1.4000000e+01   1.1563500e+01   1.0998502e+01   4.4994893e+00
   1.5000000e+01   1.0696605e+01   1.0320595e+01   9.3183186e+00
   1.6000000e+01   9.4914954e+00   1.0992256e+01   1.0890477e+01
   1.7000000e+01   1.0907904e+01   1.0213504e+01   6.1857453e+00
   1.8000000e+01   1.0330060e+01   1.0016560e+01   1.1698092e+01
   1.9000000e+01   8.8800244e+00   1.2753667e+01   1.0454453e+01
   2.0000000e+01   9.4414839e+00   1.0213339e+01   1.2143680e+01
   2.1000000e+01   1.1495849e+01   1.1105770e+01   1.1088584e+01
   2.2000000e+01   8.8474752e+00   1.1347579e+01   9.0029274e+00
   2.3000000e+01   1.0323799e+01   1.2298358e+01   1.0728227e+01
   2.4000000e+01   9.2386492e+00   9.7304174e+00   9.9550599e+00
   2.5000000e+01   1.0559998e+01   1.1088551e+01   5.7772402e+00
   2.6000000e+01   9.0157581e+00   1.0113613e+01   1.0756599e+01
   2.7000000e+01   8.7433651e+00   9.1634958e+00   1.0755356e+01
   2.8000000e+01   1.0221734e+01   9.8229025e+00   1.0948833e+01
   2.9000000e+01   9.1138944e+00   1.1046733e+01   1.0252387e+01
   3.0000000e+01   1.1309234e+01   8.7059099e+00   9.7355394e+00
   3.1000000e+01   1.0521140e+01   1.2742311e+01   3.9932814e+00
   3.2000000e+01   9.6587779e+00   1.3262851e+01   1.3462230e+01
   3.3000000e+01   9.6534392e+00   8.7372713e+00   7.9330264e+00
   3.4000000e+01   8.0017626e+00   9.3991496e+00   8.3891257e+00
   3.5000000e+01   9.9894877e+00   1.0799549e+01   1.1863775e+01
   3.6000000e+01   1.2183822e+01   1.0697806e+01   8.7332857e+00
   3.7000000e+01   1.0307751e+01   1.2398867e+01   7.7658305e+00
   3.8000000e+01   8.9756407e+00   9.8763323e+00   1.1433917e+01
   3.9000000e+01   1.0334725e+01   1.2761289e+01   9.4321503e+00
   4.0000000e+01   1.0728755e+01   8.5537329e+00   7.4918026e+00
   4.1000000e+01   8.6771562e+00   1.0139166e+01   1.3684876e+01
   4.2000000e+01   1.0526785e+01   1.0560300e+01   9.3142481e+00
   4.3000000e+01   1.1428161e+01   8.3252887e+00   8.2691908e+00
   4.4000000e+01   1.0228151e+01   1.0102518e+01   6.9718282e+00
   4.5000000e+01   9.6994722e+00   9.5407045e+00   9.2712055e+00
   4.6000000e+01   8.9856922e+00   1.1485567e+01   1.3473097e+01
   4.7000000e+01   1.0070128e+01   1.0945156e+01   1.1404544e+01
   4.8000000e+01   8.9890888e+00   1.3210792e+01   7.7023369e+00
   4.9000000e+01   9.6679403e+00   1.1725290e+01   9.5484433e+00
   5.0000000e+01   9.5834993e+00   1.0178213e+01   1.1925402e+01
   5.1000000e+01   9.9526947e+00   6.6772651e+00   1.3484146e+01
   5.2000000e+01   1.0465511e+01   9.7729839e+00   9.7100242e+00
   5.3000000e+01   9.5787070e+00   8.6686909e+00   8.1714055e+00
   5.4000000e+01   1.0069630e+01   1.4139518e+01   1.0645120e+01
   5.5000000e+01   8.2862135e+00   1.0133793e+01   7.4701596e+00
   5.6000000e+01   1.1002336e+01   1.0650571e+01   1.1970685e+01
   5.7000000e+01   9.0086153e+00   1.0685137e+01   7.8886740e+00
   5.8000000e+01   9.7192840e+00   9.8051459e+00   8.6100782e+00
   5.9000000e+01   1.0169868e+01   6.8320155e+00   5.5478716e+00
   6.0000000e+01   1.0894898e+01   1.3622501e+01   7.8713678e+00
   6.1000000e+01   9.1989778e+00   1.0621968e+01   1.0576791e+01
   6.2000000e+01   1.0026822e+01   8.6241545e+00   1.2679250e+01
   6.3000000e+01   9.4122390e+00   9.6062847e+00   1.2479725e+01
   6.4000000e+01   8.9129586e+00   1.2760580e+01   6.3939676e+00
   6.5000000e+01   9.9636651e+00   1.0268824e+01   9.2025519e+00
   6.6000000e+01   9.8294425e+00   1.0309337e+01   9.9807330e+00
   6.7000000e+01   9.9592834e+00   9.4150330e+00   9.9673222e+00
   6.8000000e+01   8.9695226e+00   7.3586366e+00   1.0485423e+01
   6.9000000e+01   9.4855277e+00   8.7712716e+00   1.0402919e+01
   7.0000000e+01   1.0333146e+01   8.4989760e+00   8.8360899e+00
   7.1000000e+01   1.0694519e+01   1.0123809e+01   9.4642786e+00
   7.2000000e+01   9.7295691e+00   1.0269543e+01   8.4503708e+00
   7.3000000e+01   1.1990112e+01   9.6844353e+00   8.4684929e+00
   7.4000000e+01   8.9836087e+00   1.1266157e+01   1.2085363e+01
   7.5000000e+01   8.6593561e+00   9.3979945e+00   7.2975978e+00
   7.6000000e+01   1.1634768e+01   1.0406034e+01   9.1932591e+00
   7.7000000e+01   9.0725769e+00   8.4970487e+00   7.3561415e+00
   7.8000000e+01   9.8109086e+00   8.2981933e+00   1.1441498e+01
   7.9000000e+01   9.0085276e+00   9.4915176e+00   7.5652957e+00
   8.0000000e+01   8.8265493e+00   1.1428023e+01   6.2020954e+00
   8.1000000e+01   9.2265286e+00   1.0336249e+01   7.1146682e+00
   8.2000000e+01   9.8371174e+00   1.0515617e+01   1.1220058e+01
   8.3000000e+01   9.5522598e+00   8.7700273e+00   1.4774787e+01
   8.4000000e+01   1.0867208e+01   8.8089135e+00   8.7101046e+00
   8.5000000e+01   9.5814957e+00   1.0992185e+01   1.1845179e+01
   8.6000000e+01   1.1269123e+01   1.0771140e+01   1.3607011e+01
   8.7000000e+01   9.1776159e+00   7.7033712e+00   1.2718885e+01
   8.8000000e+01   8.4404683e+00   7.4021396e+00   1.3608815e+01
   8.9000000e+01   1.0294892e+01   1.1759709e+01   8.6584961e+00
   9.0000000e+01   1.1320294e+01   9.9523413e+00   1.2325690e+01
   9.1000000e+01   9.7672350e+00   9.7221001e+00   9.4534897e+00
   9.2000000e+01   1.1235370e+01   1.0656162e+01   6.6792898e+00
   9.3000000e+01   9.7565491e+00   9.8143922e+00   9.2035604e+00
   9.4000000e+01   9.3673058e+00   1.0368641e+01   1.0792739e+01
   9.5000000e+01   8.7615888e+00   1.0810710e+01   1.4102990e+01
   9.6000000e+01   1.1070723e+01   7.2008771e+00   1.2007301e+01
   9.7000000e+01   8.7041935e+00   1.0025527e+01   1.0564165e+01
   9.8000000e+01   9.6737671e+00   9.9345902e+00   1.2200353e+01
   9.9000000e+01   9.2207013e+00   1.0699418e+01   8.8494068e+00
   1.0000000e+02   9.2267858e+00   1.0528716e+01   7.0692894e+00
